0.003
0.003
0.003
0.003
0.003
0.003
0.004
0.004
0.004
0.004
0.004
0.004
0.004
0.004
0.004
0.004
0.005
0.005
0.005
0.005
0.005
0.005
0.005
0.005
0.005
0.005
0.006
0.006
0.006
0.006
0.006
0.006
0.007
0.007
0.007
0.008
0.008
0.010
0.009
0.009
0.009
0.010
0.010
0.010
0.010
0.010
0.011
0.011
0.011
0.011
0.012
0.013
0.014
0.014
0.014
0.014
0.014
0.015
0.016
0.016
0.017
0.017
0.018
0.018
0.018
0.024
0.023
0.023
0.024
0.024
0.025
0.029
0.029
0.030
0.031
0.033
0.034
0.036
0.037
0.039
0.043
0.043
0.046
0.047
0.050
0.054
0.054
0.057
0.059
0.069
0.071
0.076
0.077
0.078
0.083
0.091
0.095
0.097
0.104
0.112
0.119
0.122
0.130
0.135
0.142
0.147
0.156
0.173
0.184
0.174
0.188
0.191
0.194
0.196
0.210
0.236
0.243
0.256
0.272
0.275
0.277
0.281
0.295
0.327
0.327
0.356
0.372
0.374
0.370
0.383
0.406
0.419
0.440
0.465
0.507
0.534
0.552
0.566
0.617
0.624
0.663
0.707
0.784
0.750
0.785
0.819
0.836
0.879
0.943
0.850
0.838
0.901
0.955
0.936
0.806
0.932
0.803
0.845
0.970
0.963
0.975
0.983
1.062
1.065
1.145
1.053
0.940
0.847
0.893
0.973
1.027
1.130
1.209
1.142
1.192
1.299
1.334
1.342
1.391
1.383
1.160
1.238
1.392
1.469
1.419
1.630
1.767
1.795
1.841
1.865
2.042
2.177
2.270
2.330
2.454
2.569
2.580
2.686
2.833
2.995
3.130
3.288
3.393
3.566
3.780
4.053
4.208
4.376
4.614
4.623
4.596
4.864
5.016
5.074
5.357
5.301
5.138
5.094
5.075
5.258
5.417
5.583
5.725
5.936
6.066
6.086
6.166
6.115
6.124
6.226
6.323
6.475
6.569
6.593
6.624
6.785
6.974
7.074
7.473
7.855
8.233
8.526
8.776
8.964
8.872
9.207
9.543
9.687
9.822
9.891
9.897

